0.0074 9.0474 0.6786 0.0000 0.2348
0.0083 4.9506 2.2879 0.0176 0.0000
6.3376 3.0242 170.2830 0.7495 59.4782
0.0074 2.8926 0.2886 0.0162 0.1170
0.0083 6.5717 2.3906 0.0009 0.0001
0.0084 0.0110 2.7778 0.0174 0.0085
8.3235 498.1868 171.7433 875.7846 16.2190
0.0071 3.9181 0.0000 0.0380 0.4614
0.0080 2.7622 0.2043 1.5198 0.0052
0.0034 4.7769 0.1760 2.4305 0.0253
0.0083 6.7165 0.0007 0.7038 0.0001
0.0073 6.1826 0.0009 0.0159 0.3405
0.0006 5.7752 3.3941 0.7592 0.0000
0.0029 2.6422 5.7255 0.0389 0.0095
0.0000 3.9420 1.9962 1.9816 0.0000
0.0084 3.4537 2.3785 0.0000 0.0000
0.0083 5.4156 2.3942 0.0037 0.0000
0.0076 4.7145 0.1784 0.2065 0.0109
4.9200 72.5814 98.3688 1.6312 0.0045
5.1827 22.4845 95.2597 0.0000 10.6288
0.0084 1.1065 0.0001 1.1431 0.0078
7.5886 378.1525 0.0073 317.1826 101.5629
0.0011 8.7279 4.0995 0.0146 0.0017
0.0011 6.4302 3.2828 0.7725 0.0005
0.0083 4.3201 0.0171 0.8149 0.0052
0.0065 1.6385 0.0005 0.1422 0.0003
0.0000 0.0116 0.0002 2.9846 0.0000
0.0043 5.4120 0.3766 0.8625 0.5263
0.0803 0.0000 2.2435 6.6621 2.9432
7.6451 150.7841 18.9124 345.6974 101.3627
0.0079 3.2615 0.8864 0.2283 0.1512
7.5893 185.2572 5.3361 214.2072 172.1320
0.0082 6.3487 0.6648 0.2629 0.0166
0.0083 2.4202 2.5922 0.0001 0.0221
0.0083 9.9990 1.2200 0.0000 0.0004
0.0013 1.8095 3.8600 0.8543 0.0003
0.0080 3.5169 0.0001 0.5173 0.0006
0.0083 4.4964 1.6901 0.0617 0.0002
0.0000 8.2031 5.7989 0.0017 0.0000
6.3295 549.6353 0.0195 78.3752 35.7831
0.0007 7.5324 0.0136 0.0783 0.0001
7.6560 0.1507 0.0682 203.6799 212.1831
0.0084 3.3215 2.5309 0.0001 0.0010
0.0075 1.8028 0.0000 0.0033 0.3987
0.0074 6.0027 0.0002 0.0005 0.2694
0.0070 8.0615 0.0459 1.3394 0.0012
0.0083 0.0000 0.0002 1.6304 0.0001
7.4790 914.4525 2.2720 381.2697 18.8060
0.0083 6.8750 2.3513 0.0014 0.0000
0.0073 0.4142 1.0395 0.0083 0.0081
0.0083 8.3960 1.1510 0.0301 0.0002
0.0084 3.6871 2.3219 0.0000 0.0000
0.0078 2.9198 0.1214 0.3452 0.1034
6.4413 37.6854 12.5199 213.7557 678.5131
0.0080 1.2680 3.3149 0.2730 0.0001
0.0085 0.0015 0.0005 1.2390 0.0003
0.0027 3.6460 5.3115 0.0351 0.0614
0.0065 1.5367 0.0001 0.0744 0.0367
0.0081 7.9983 1.0417 0.0047 0.0317
0.0083 6.2599 0.5072 0.5084 0.0066
7.3242 778.7738 5.2433 7.2479 532.0071
0.0049 2.9202 1.6310 1.8741 0.0050
0.0082 2.8446 1.1461 0.4325 0.0515
0.0036 0.4722 0.3059 2.3437 0.1645
0.0080 1.8309 1.6470 0.0008 0.0002
7.0442 585.4210 0.7747 273.3553 18.0504
0.0020 9.7359 4.3271 0.0442 0.0007
0.0021 6.7742 4.8088 0.0635 0.0002
5.4984 161.3441 190.3303 22.9190 0.8302
7.6095 22.2118 2.4211 481.5358 12.1374
0.0011 6.2764 4.6018 0.0001 0.0000
0.0009 4.5893 0.0024 2.3527 0.0010
0.0013 0.3359 6.1203 0.0012 0.0001
0.0082 4.2972 2.4241 0.0026 0.0322
0.0018 0.5980 0.3181 2.7480 0.0004
0.0000 4.9551 4.5018 0.6448 0.0000
0.0065 2.0892 0.0271 0.0096 0.0493
0.0084 2.6110 2.4424 0.0013 0.0002
0.0000 2.9040 3.6649 1.4016 0.0010
0.0081 2.5175 0.0001 0.6142 0.0067
0.0000 0.0030 0.0000 2.9840 0.0007
0.0009 2.7353 0.6801 0.0029 0.0002
0.0009 6.5885 2.6991 0.0089 0.0027
0.0068 1.6177 0.0721 0.0016 0.0919
0.0000 0.0016 0.2791 0.0010 1.0476
0.0075 5.4864 0.0003 0.0002 0.1777
7.3643 391.3092 259.7319 312.1976 5.1887
0.0013 9.8431 3.9746 0.0016 0.0038
0.0077 4.8074 0.4374 0.1237 0.0001
0.0083 6.5873 2.0299 0.0215 0.0002
0.0082 9.9941 0.0100 0.3297 0.0009
0.0083 6.0367 1.0169 0.2761 0.0002
0.0085 0.0806 0.0001 1.2787 0.0003
7.5227 0.8082 0.0177 14.6571 477.2679
0.0083 7.4592 0.0000 0.6951 0.0000
0.0031 8.0988 4.8663 0.0001 0.0002
0.0079 5.3444 0.4290 0.1927 0.0350
0.0000 3.1056 2.9713 1.3637 0.0000
7.5373 237.9943 298.1147 2.4893 274.9135
0.0073 1.5059 0.0936 0.0127 0.4939
0.0082 0.1343 2.1384 0.0709 0.0411
0.0012 6.2116 1.8508 1.4885 0.0000
0.0841 4.8498 0.0000 6.6336 2.8107
0.0075 6.1285 0.3317 0.0065 0.0059
0.0021 1.6313 6.0177 0.0001 0.0001
0.0001 1.1127 5.0840 0.6996 0.0000
7.5244 0.0082 537.9522 0.0513 371.6825
0.0072 8.4329 3.5339 0.0000 0.0000
7.4815 0.8726 0.3320 352.8807 272.9482
0.0023 0.0918 0.0001 3.0520 0.0012
0.0074 9.4289 0.0071 0.0256 0.2628
0.0000 4.3861 5.3100 0.0000 0.0000
0.0083 4.6554 1.6075 0.0649 0.0088
7.5651 2.5254 2.7858 12.5494 440.5795
0.0084 4.5535 2.3125 0.0135 0.0000
0.0058 8.1493 1.0484 1.3248 0.0148
0.0002 1.2970 3.9761 0.9045 0.0000
0.0082 1.2309 2.2232 0.0001 0.0653
0.0082 8.1128 2.1772 0.0000 0.0000
0.0082 4.9481 0.0004 0.7359 0.0324
0.0078 9.9178 0.8395 0.0002 0.1396
6.6175 243.4012 293.3891 80.5041 29.0691
0.0007 3.0369 0.5473 0.0010 0.0012
7.6477 1.3593 28.4062 507.6866 0.9407
0.0068 1.8589 0.0040 0.0117 0.0845
0.0080 8.9524 0.0433 0.2192 0.0003
0.0066 4.6956 0.0052 0.0019 0.0058
0.0000 8.4600 4.2607 0.5630 0.0000
6.4959 1.9559 90.4953 18.4108 52.8910
0.0083 3.3198 0.0002 0.8341 0.0076
0.0008 1.0029 0.5005 1.9416 0.0157
0.0082 8.3151 0.5648 0.4972 0.0168
7.6309 9.4062 22.4740 96.3032 386.2069
0.0081 7.0907 0.0350 0.4925 0.0273
0.0014 2.5872 0.0040 0.0759 0.0139
0.0065 9.3239 3.7618 0.0267 0.0011
0.0000 9.9998 0.0000 1.9687 0.0000
0.0083 6.5550 2.3967 0.0012 0.0002
0.0124 0.0000 10.0000 0.0374 0.0000
0.0077 7.1025 0.1129 0.1113 0.0142
7.4716 451.0234 4.4520 390.8462 23.8950
0.0069 4.7067 0.0250 0.0679 0.0000
0.0083 5.0867 2.4216 0.0001 0.0001
0.0083 8.0492 1.3709 0.0178 0.0002
0.0084 0.0086 3.0461 0.0004 0.0102
0.0033 1.7344 6.0183 0.0042 0.0016
0.0075 0.1833 1.0796 0.0059 0.3294
0.0082 1.5337 1.8465 0.0385 0.0090
0.0001 2.1245 2.7572 1.4051 0.0026
8.1058 3.7238 0.7528 700.3835 64.8697
0.0077 0.0003 1.4326 0.0001 0.2379
0.0079 5.3882 0.4019 0.1777 0.0458
0.0082 1.4734 1.9112 0.0016 0.0002
6.1746 10.3029 12.0359 148.5628 4.5933
0.0019 8.0864 0.4874 1.9412 0.0041
0.0084 0.1478 3.2032 0.0044 0.0000
0.0084 3.2476 2.3670 0.0000 0.0002
0.0076 6.8927 2.8417 0.1886 0.0022
0.0069 1.9337 0.0012 0.0367 0.0886
0.0083 7.9714 0.0000 0.6201 0.0000
0.0011 2.0364 3.1845 0.4220 0.3796
0.0214 0.0000 0.0000 6.6778 0.0000
0.0084 1.5555 0.0434 1.1901 0.0140
0.0016 9.3538 0.3514 1.9980 0.0003
0.0029 0.0015 1.1549 2.5431 0.0000
0.0071 2.5341 0.1022 0.0016 0.1124
0.0079 0.6062 1.1453 0.1936 0.0095
0.0083 7.6542 0.0005 0.6772 0.0001
0.0080 4.6301 0.6193 0.1857 0.0372
0.0071 8.4535 0.0003 0.0001 0.3316
0.0083 9.9170 1.0262 0.0838 0.0001
0.0084 2.9069 2.3484 0.0030 0.0036
0.0028 9.7015 0.5847 1.8776 0.0069
0.0059 4.4593 0.7962 1.9821 0.0000
0.0085 0.0985 0.0129 1.1931 0.0049
0.0084 1.7812 0.2581 1.1515 0.0000
6.5373 885.3969 123.8471 19.7441 59.7402
7.7353 2.5204 0.0107 552.2332 0.8964
0.0079 5.5938 0.8437 0.0101 0.0134
0.0024 5.1487 2.4656 1.4168 0.0042
0.0027 7.4365 3.0924 0.8900 0.0050
0.0083 7.3911 1.4257 0.0216 0.0001
0.0019 4.5832 3.6785 0.8600 0.0008
0.0081 9.0785 2.2659 0.0000 0.0000
0.0076 1.5703 0.0011 0.2308 0.1185
0.0077 3.5133 0.3552 0.1837 0.0442
0.0026 1.7753 5.9901 0.0020 0.0055
0.0082 5.2172 2.4621 0.0133 0.0239
8.1544 743.6512 0.0944 741.9156 3.5571
0.0027 9.3783 3.9069 0.3287 0.0004
0.0072 7.2629 0.0001 0.0002 0.3595
0.0083 2.3058 0.1387 1.5002 0.0003
0.0082 0.0019 3.8370 0.0002 0.0017
0.0082 0.8138 1.9987 0.0738 0.0003
0.0013 1.4635 0.1371 2.7389 0.0004
0.0075 2.0624 0.2188 0.0195 0.3085
0.0021 0.0432 6.0923 0.0313 0.0161
0.0011 5.5053 3.4790 0.6625 0.0015
0.0000 10.0000 0.0000 1.9505 0.0048
0.0074 4.4058 0.0001 0.0001 0.1951
0.0066 2.4664 0.0373 0.1674 0.0043
0.0026 3.9065 5.4134 0.0869 0.0003
7.4397 0.3610 0.0595 0.0656 524.8686
0.0074 3.4118 0.7059 0.0178 0.3306
0.0083 1.3978 1.1285 0.6498 0.0222
0.0078 9.9750 0.0886 0.0007 0.0463
0.0084 0.7307 2.5419 0.1209 0.0049
0.0083 4.1899 0.0166 0.7405 0.0008
0.0082 4.9859 0.0033 0.7466 0.0145
0.0083 1.6179 2.2850 0.1208 0.0103
0.0084 4.3835 2.0714 0.0701 0.0002
7.6225 57.8915 270.0921 346.5076 49.3281
0.0012 8.1657 4.4153 0.0002 0.0007
0.0025 0.8374 2.6458 1.7234 0.0005
0.0060 3.5615 4.5889 0.0284 0.0583
0.0057 5.4432 2.1928 1.2594 0.0000
6.0638 37.2826 1.0608 9.9892 0.0008
0.0079 6.1643 0.2454 0.4214 0.1151
0.0074 6.0767 0.0024 0.0078 0.2710
0.0073 3.0583 0.0002 2.0512 0.0000
0.0071 3.3463 0.3242 1.9421 0.0002
0.0075 2.9280 0.3138 0.0000 0.2387
0.0000 0.0432 0.0000 3.1512 0.0038
0.0076 2.6102 0.1841 1.7926 0.0156
0.0050 3.0501 3.1705 0.7111 0.0988
0.0008 3.2576 0.6892 1.1000 0.4474
0.0000 3.6910 1.5745 2.5213 0.0000
0.0017 8.3604 4.1582 0.2151 0.0019
0.0083 8.7258 1.9683 0.0008 0.0000
0.0068 1.5165 0.0219 1.2611 0.2824
6.1821 0.9441 15.7308 154.4742 2.5802
0.0072 2.9615 0.0000 0.2349 0.0000
7.4298 0.0502 0.0001 378.3799 34.4973
0.0084 0.0000 0.0001 1.4664 0.0000
0.0055 2.6694 0.0005 2.5498 0.0001
0.0084 0.0012 0.0136 1.1139 0.0003
0.0026 3.6848 5.6587 0.0090 0.0007
8.3607 0.3965 5.4507 967.4646 0.9707
0.0072 7.0405 0.0003 0.0001 0.3705
0.0074 7.3178 0.0517 0.0009 0.0137
0.0078 1.6730 3.8281 0.0169 0.0361
0.0070 3.9286 0.3144 0.0116 0.0076
0.0005 9.9568 1.5227 0.0002 0.4299
0.0028 7.0173 4.9737 0.0131 0.0055
0.0078 8.7268 0.5003 0.5942 0.0916
0.0084 0.0008 0.0000 1.1651 0.0139
7.8742 412.5226 0.0031 589.8767 4.0657
0.0011 4.8186 0.9185 1.7197 0.0000
0.0000 9.9996 0.0000 1.9502 0.0000
0.0066 1.0108 0.1119 0.0412 0.0559
6.8730 12.6133 51.1640 162.7995 52.5762
7.6209 0.0498 0.0000 487.4483 12.0727
0.0011 0.2052 6.0964 0.0000 0.0000
0.0083 7.1396 2.2329 0.0072 0.0000
0.0082 0.3036 1.8919 0.1254 0.0040
0.0041 3.7496 5.6218 0.0003 0.0002
0.0025 7.3124 4.7766 0.0078 0.0001
0.0083 2.0998 2.1673 0.0176 0.0219
0.0009 9.7453 2.5639 0.0000 0.3428
0.0011 9.8355 4.0803 0.0238 0.0000
0.0079 0.0095 0.5443 1.7274 0.0002
0.0030 8.6510 4.6665 0.0303 0.0012
0.0083 7.5686 1.7875 0.0201 0.0001
0.0010 7.2376 4.2370 0.1388 0.0001
0.0084 3.3896 2.4481 0.0008 0.0002
0.0071 3.6353 0.0004 0.0000 0.1119
0.0000 8.0662 5.4797 0.0003 0.0000
0.0075 5.7779 0.0278 0.6811 0.0097
0.0021 0.0166 0.0001 3.0460 0.0193
0.0081 2.6382 1.2844 0.4749 0.0621
3.8457 102.1481 0.2554 80.8194 601.7122
7.1150 95.0381 0.0207 339.6070 78.4682
0.0011 2.6561 1.4609 1.9181 0.0250
0.0030 6.7819 4.9513 0.0157 0.0172
0.0175 9.9999 10.0000 0.0000 0.0000
0.0000 2.7686 4.8402 0.6265 0.0000
0.0012 2.3750 3.2577 0.1177 0.0125
0.0081 1.1908 1.8490 0.0305 0.0031
0.0008 2.0369 0.1757 0.0691 0.0339
0.0082 6.5486 0.7133 0.2893 0.0289
0.0081 9.4188 1.8123 0.0020 0.0230
0.0074 2.0305 0.0001 0.1866 0.0896
0.0082 6.9029 0.0013 0.6929 0.0000
0.0083 3.1499 1.1259 0.3873 0.0110
0.0008 4.1061 2.6976 1.2964 0.0000
0.0081 3.1427 1.1206 0.1440 0.0008
0.0413 0.3741 0.0000 10.0000 0.0000
0.0011 3.7826 4.4409 0.2232 0.1081
6.1293 616.8117 65.3214 2.2351 46.8915
0.0077 5.7367 0.0009 0.2407 0.0008
0.0000 0.0064 0.0000 2.9847 0.0003
0.0000 4.1315 3.6032 1.3555 0.0000
0.0083 4.8996 2.4089 0.0005 0.0000
0.0083 2.8818 1.8249 0.2097 0.0124
0.0044 5.2401 2.4458 0.7247 0.2397
0.0082 9.5490 0.0001 1.2683 0.0003
0.0083 5.5285 2.1257 0.0328 0.0001
0.0009 5.3871 5.0678 0.0006 0.0000
0.0000 6.1044 3.6771 1.0278 0.0000
0.0080 3.3236 1.3450 0.0198 0.0067
0.0083 4.9563 2.3639 0.0077 0.0001
0.0010 0.3795 4.9777 0.4182 0.0036
0.0067 1.3375 0.0009 0.0008 0.0866
0.0074 7.3182 0.0504 0.0128 0.0067
0.0074 6.6608 0.0014 0.0251 0.2919
0.0076 7.6154 0.0342 0.0355 0.1410
0.0084 4.1326 2.3624 0.0003 0.0000
0.0000 3.4264 2.1766 2.0535 0.0000
0.0059 8.3660 1.4181 1.2179 0.0113
0.0012 1.6484 5.7005 0.0106 0.0003
0.0079 7.2433 1.1956 0.0167 0.1072
0.0015 3.6165 1.7669 1.6234 0.0802
0.0083 3.3310 1.6087 0.3454 0.0000
0.0072 6.4319 0.0432 0.0106 0.0040
0.0083 5.0524 2.4185 0.0001 0.0000
0.0074 4.9363 0.0000 0.0018 0.2677
6.3342 142.0592 50.7446 33.8542 57.2640
0.0067 5.0711 0.0007 0.0036 0.0062
0.0079 5.9270 0.0019 0.2895 0.0570
0.0083 5.4056 0.0042 0.7024 0.0001
0.0075 4.2663 0.0632 0.2398 0.0004
0.0009 6.4720 2.4134 1.0326 0.0010
0.0048 3.2153 5.0244 0.0238 0.0827
0.0075 3.9199 0.0031 0.2358 0.0231
0.0076 6.4700 0.2081 0.0038 0.1625
0.0076 4.1264 0.0002 0.2817 0.0112
0.0051 6.4740 3.5105 0.6460 0.0007
7.0097 64.5325 11.1652 322.2527 0.4340
0.0076 6.5959 0.3612 0.0014 0.0000
0.0077 2.4084 0.0001 0.4078 0.0290
0.0000 8.5375 3.2751 0.0029 0.2776
0.0083 3.0436 0.0009 0.8472 0.0207
0.0075 2.9489 0.0021 0.0029 0.3183
0.0000 8.3330 5.1257 0.0000 0.0000
0.0022 5.6994 4.2646 0.4422 0.0011
0.0012 5.3261 0.9063 2.0268 0.0002
0.0055 4.8064 2.5748 0.5400 0.1670
0.0082 5.8701 1.2794 0.0493 0.0013
0.0078 2.5095 1.7820 0.0000 0.1846
0.0083 5.8670 0.9875 0.3007 0.0013
4.6758 0.0309 0.0462 0.0322 1.3619
0.0029 2.0633 5.6582 0.0205 0.0000
0.0029 7.1610 4.9749 0.0094 0.0050
0.0000 0.0000 2.1022 0.0000 0.9958
0.0083 3.2074 1.3517 0.3222 0.0181
0.0011 6.3080 4.0191 0.4038 0.0127
0.0000 7.3850 2.0935 1.6810 0.0000
0.0082 2.1358 2.6619 0.1151 0.0044
0.0018 3.1218 3.8713 0.7644 0.0007
0.0074 3.4137 0.0054 0.2252 0.0243
0.0015 0.0031 5.5214 0.3531 0.0001
0.0075 3.8020 0.1704 0.0139 0.2229
0.0075 6.5267 0.0013 0.0080 0.2594
0.0073 3.0254 0.2465 0.0012 0.1158
0.0079 3.1119 0.9347 0.1429 0.0254
0.0074 7.6575 0.0405 0.0233 0.0025
7.5088 804.1270 59.8630 172.4203 149.8493
0.0082 7.7692 2.2477 0.0009 0.0001
0.0082 4.1808 1.5457 0.0060 0.0000
0.0021 1.3603 0.0023 2.9623 0.0003
0.0080 1.4239 0.1786 0.5383 0.0065
0.0084 0.0004 0.0491 1.0974 0.0011
0.0075 6.6356 0.2784 0.0012 0.0030
0.0026 0.8191 6.0404 0.0599 0.0099
0.0000 0.0000 0.1318 2.3207 0.2556
0.0062 4.8215 4.8323 0.0002 0.0008
0.0020 6.5880 0.0206 2.3478 0.0029
0.0015 0.0367 3.5760 0.0058 0.5522
7.6128 134.0845 0.3795 220.3528 176.4831
0.0000 4.5391 2.5770 1.8766 0.0000
0.0012 1.1075 5.9239 0.0086 0.0004
0.0000 0.0000 0.0000 2.9860 0.0001
0.0077 1.9483 0.0009 0.2270 0.2195
0.0082 0.0338 1.7531 0.2780 0.0273
0.0083 2.6810 2.5256 0.0030 0.0013
8.0844 0.0212 12.9745 836.0407 169.8687
0.0044 4.0817 4.5666 0.4603 0.0007
0.0012 0.0010 3.3508 1.3740 0.0002
0.0084 0.0217 0.0009 1.1821 0.0219
0.0064 1.9035 0.0008 0.0231 0.0406
0.0084 0.0763 2.6380 0.0000 0.0000
0.0075 6.4171 0.0525 0.1054 0.0019
6.0961 2.5886 60.3512 70.2733 26.1666
0.0072 6.6082 0.0470 0.0086 0.0042
6.2243 0.5287 541.4427 0.1035 6.4278
7.5566 19.5141 44.2639 10.6113 422.0092
0.0000 5.8362 4.2167 0.8278 0.0000
0.0051 3.7046 2.1107 0.7099 0.2983
0.0084 4.1774 2.3570 0.0019 0.0000
5.9637 4.8392 477.3751 0.8130 0.0178
0.0083 0.0048 2.6199 0.0589 0.0118
6.6473 689.5088 596.9744 28.6366 0.3480
0.0073 2.5326 0.0005 0.1051 0.1096
0.0080 9.2676 0.0006 0.2206 0.0004
0.0000 0.0977 0.0000 2.9739 0.0000
8.1502 392.2861 46.8396 762.3381 1.4121
0.0012 5.0110 3.6271 0.7969 0.0000
0.0011 9.9999 0.0000 1.8791 0.0000
0.0015 1.2006 5.6376 0.0003 0.0001
0.0083 5.6092 2.4406 0.0051 0.0008
0.0011 1.9192 4.5556 0.5175 0.0043
0.0084 2.9805 2.2386 0.0001 0.0002
0.0083 5.6728 2.4270 0.0000 0.0000
0.0000 6.3910 2.4613 1.4722 0.0000
0.0027 9.2294 4.1666 0.1526 0.0130
0.0072 9.5949 0.0009 0.0000 0.3122
0.0011 0.3054 0.0156 2.8666 0.0210
0.0076 5.2649 0.0024 0.2377 0.0017
0.0003 7.5809 1.4080 1.5549 0.0000
0.0078 5.1818 0.0000 0.3160 0.0156
0.0000 9.9999 0.0000 1.9590 0.0000
0.0084 1.5865 0.0393 1.1112 0.0000
6.9470 709.2090 62.8537 238.8541 10.1830
0.0075 2.0982 0.2515 0.0042 0.3014
0.0062 3.9240 0.6290 1.9132 0.0396
0.0080 2.1654 0.0079 0.5533 0.0312
0.0000 0.0070 2.0753 0.9777 0.4250
0.0024 7.2946 3.4061 0.6375 0.0009
0.0083 3.6310 0.0007 1.1383 0.0000
0.0074 3.2859 0.0850 0.0000 0.3912
8.3212 0.0001 126.1980 889.3574 5.9780
0.0083 6.2347 1.1442 0.2967 0.0002
0.0082 7.8634 2.2311 0.0000 0.0000
0.0083 6.5350 2.3991 0.0004 0.0001
0.0083 0.0573 2.7697 0.0146 0.0159
0.0019 3.5418 0.0019 0.2046 0.0008
0.0084 3.9971 2.4290 0.0001 0.0002
0.0000 0.4684 0.0177 2.8995 0.0084
0.0082 4.8174 2.8643 0.0001 0.0086
0.0005 9.5500 0.0220 0.7506 0.0004
0.0016 9.7416 0.0100 1.9001 0.0954
0.0074 5.7792 0.0007 0.0001 0.3024
0.0083 4.7707 0.0011 0.8602 0.0043
0.0017 0.0021 0.0001 3.0972 0.0010
0.0083 4.4616 0.0266 0.8956 0.0067
0.0028 5.0463 5.1718 0.1038 0.0063
0.0016 5.1812 0.7440 2.1067 0.0036
0.0064 4.2464 0.0003 0.0035 0.0044
7.4055 684.0996 7.7647 407.2279 3.1044
0.0080 1.8551 2.0672 0.7691 0.0022
0.0000 4.9257 5.3747 0.0000 0.0000
0.0065 3.0019 1.5087 1.4357 0.0137
7.9789 236.7043 2.8682 560.3287 167.9113
0.0084 3.6222 2.3621 0.0001 0.0003
0.0083 6.8200 1.6507 0.0322 0.0002
0.0081 9.0805 0.6181 0.2359 0.0462
0.0069 6.1078 0.0055 0.0005 0.0014
0.0000 4.0872 2.2799 2.1313 0.0000
0.0000 3.3348 4.0687 0.9662 0.0001
0.0078 6.9497 2.7361 0.0035 0.0070
0.0026 1.5831 0.1770 0.0001 0.0000
0.0084 0.4168 1.9530 0.4405 0.0022
0.0030 4.9457 4.3403 0.0382 0.0198
0.0083 4.7426 2.4010 0.0007 0.0000
0.0011 7.0211 1.2484 1.3383 0.1426
0.0084 4.6506 2.4002 0.0000 0.0000
6.2263 719.5091 19.4224 59.2154 32.5173
0.0075 6.5549 0.0005 0.0000 0.2212
0.0000 3.1393 3.1808 0.0000 0.5081
0.0029 8.3192 4.6000 0.0020 0.0001
0.0075 2.8452 3.7203 0.2358 0.0012
0.0082 6.6396 0.0002 0.5949 0.0002
8.0176 0.1469 0.6204 682.8799 7.2141
0.0067 4.2083 0.0124 0.0039 0.0322
0.0303 7.3657 0.0000 7.3692 0.0000
0.0004 1.8743 0.9127 0.0013 0.0000
0.0011 4.3077 0.8187 2.0730 0.0005
0.0083 4.0997 2.6441 0.0016 0.0165
0.0000 0.0000 0.0151 2.9784 0.0000
0.0083 4.0808 1.7585 0.0754 0.0023
0.0001 3.0754 3.3818 0.4278 0.2459
0.0002 4.6118 3.2860 0.0000 0.4315
0.0000 5.1634 5.5295 0.0000 0.0000
0.0070 2.2005 0.0000 0.0402 0.0905
0.0000 0.0000 0.0000 2.9862 0.0000
0.0064 1.1900 0.0004 0.1297 0.0086
0.0076 0.6048 1.2512 0.0391 0.0003
0.0084 0.3542 2.5404 0.1805 0.0002
0.0083 4.8493 2.4098 0.0001 0.0000
0.0079 9.9997 0.2721 0.0052 0.0786
0.0000 9.9999 0.0160 1.6659 0.0000
0.0083 5.4175 2.4254 0.0000 0.0000
0.0054 2.5767 0.3447 0.0148 0.0149
0.0014 4.2898 5.3820 0.0008 0.0000
0.0027 2.0435 0.0144 2.8953 0.0014
0.0072 9.0824 0.0034 0.0128 0.3365
0.0078 8.0146 0.3869 0.0028 0.0835
0.0012 4.0664 5.2692 0.0207 0.0020
0.0077 8.2841 0.1633 0.0375 0.0404
7.7223 0.0528 0.0033 545.7063 1.2436
0.0083 5.7686 0.1655 0.6932 0.0024
0.0047 3.2152 0.2298 2.2628 0.1141
7.3137 10.3244 279.2924 54.0882 149.5932
6.9682 935.6674 16.2800 28.2923 116.1489
0.0072 3.9840 0.1205 0.0000 0.3217
8.1623 194.3310 97.4022 735.7570 18.1642
0.0009 5.2106 0.8022 0.0331 0.0029
0.0067 1.7419 4.9657 0.0504 0.0000
0.0077 8.0890 0.0026 0.1227 0.0059
0.0026 3.9982 4.9031 0.3101 0.0050
0.0084 4.6791 2.2639 0.0247 0.0002
0.0252 9.9999 10.0000 1.4417 0.0000
0.0082 2.7322 0.0000 0.7372 0.0126
0.0010 3.8372 1.6246 0.8469 0.0828
0.0000 2.2597 5.9101 0.1078 0.0000
0.0065 0.0011 3.0429 1.1804 0.0002
0.0083 3.3726 1.9197 0.2324 0.0002
0.0016 1.8594 5.8176 0.0000 0.0000
6.0669 418.8029 25.3298 12.6577 45.8612
0.0026 2.4019 0.5728 2.1200 0.1759
0.0082 6.2808 0.0008 0.6801 0.0168
0.0027 8.1344 3.9705 0.3415 0.0010
0.0064 1.5102 0.0010 0.1411 0.0000
6.6807 453.2598 74.5026 133.7893 34.6425
0.0083 6.8548 1.7715 0.0304 0.0195
0.0083 5.1724 0.0605 0.8412 0.0004
7.7083 37.2788 0.0071 533.0945 4.8058
0.0078 0.0024 0.0020 1.5282 0.0024
0.0030 0.0063 3.7305 0.0055 0.5084
0.0070 2.1175 0.1393 0.0035 0.1119
0.0007 8.1556 0.1797 0.0990 0.7884
0.0071 6.4865 0.0026 0.0192 0.0026
0.0015 5.0141 2.9346 1.0399 0.0087
0.0083 3.2793 1.5147 0.2735 0.0001
0.0077 2.5062 0.0035 0.3342 0.0844
0.0058 2.5525 0.0019 2.1897 0.0008
6.0807 162.1909 87.0012 31.7381 36.7856
0.0081 5.1842 0.8386 0.1807 0.0350
0.0083 6.7086 2.2544 0.0096 0.0000
0.0077 1.3711 0.2593 0.3078 0.0756
0.0083 5.9511 1.8499 0.0360 0.0002
0.0027 3.4466 1.0708 2.1267 0.0031
0.0081 4.9828 1.2809 0.0108 0.0181
0.0084 3.3995 2.4264 0.0001 0.0003
0.0049 6.7827 0.0945 2.1317 0.0156
0.0083 3.7268 1.9605 0.1610 0.0002
0.0083 4.4541 2.4963 0.0000 0.0001
0.0072 8.3471 0.0102 0.0003 0.3206
0.0021 1.5733 0.0358 0.0107 1.0455
0.0084 4.0305 2.3633 0.0001 0.0002
0.0082 8.2016 2.1851 0.0000 0.0008
0.0051 7.5040 0.0311 2.1832 0.0073
6.1304 546.1003 88.8161 42.6314 29.2583
0.0083 4.7414 0.0000 0.9198 0.0174
0.0000 5.8108 0.2585 2.9385 0.0000
0.0082 4.3676 0.0149 0.6973 0.0593
2.4599 13.4625 43.5516 217.0875 0.0535
0.0057 0.2260 3.6291 0.0001 0.3554
7.4821 3.9234 5.7049 5.0052 501.0024
0.0077 3.0067 0.0224 0.2874 0.1142
0.0080 1.1477 0.0000 1.8419 0.0023
0.0082 5.7162 0.3075 0.5347 0.0027
0.0084 1.6450 2.6928 0.0001 0.0002
0.0076 0.1399 1.0661 0.0015 0.2927
0.0084 1.2092 2.2121 0.2500 0.0002
0.0024 3.8912 1.2812 2.1139 0.0017
0.0076 4.8471 0.2635 0.1162 0.0511
0.0080 5.8434 2.5939 0.0605 0.0167
0.0077 5.4794 0.0160 0.5871 0.1991
0.0033 0.1079 0.0007 2.2415 0.0040
0.0079 4.1078 1.7109 0.0008 0.1329
0.0080 6.1741 0.6413 0.1656 0.0004
0.0005 1.4630 1.0312 0.0017 0.0005
0.0083 5.2312 0.0005 0.6753 0.0037
0.0082 6.2800 0.0014 0.5436 0.0004
0.0081 7.9283 1.0809 0.0047 0.0619
7.3454 4.9762 17.5099 358.7797 27.2659
7.5692 0.0268 62.5033 56.1936 430.8183
5.2982 27.7912 0.8790 42.9112 4.4959
0.0011 7.1382 1.7597 0.0011 0.0043
0.0077 4.8980 0.0009 0.2564 0.0413
0.0082 9.1510 0.0750 0.2187 0.0003
0.0084 1.4959 0.0001 1.1461 0.0002
